4 0 0 0 0 0 0 0 0 0 0 0 0 0 0 0 0 1 16 72 96 24
4 1 0 0 0 0 0 0 0 0 0 0 0 0 0 0 0 1 15 63 78 18
4 1 0 0 0 0 0 0 0 0 0 0 0 0 0 0 1 1 15 55 64 14
4 1 0 0 0 0 0 0 0 0 1 0 0 0 0 0 1 1 13 48 53 11
4 1 0 0 1 0 0 0 0 0 1 0 0 0 0 0 1 1 12 40 39 7
4 1 0 0 1 0 0 0 0 0 1 0 1 0 0 0 1 1 11 32 25 3
4 1 0 0 1 0 0 0 0 0 1 0 1 1 0 0 1 1 10 26 18 2
4 1 1 0 1 0 0 0 0 0 1 0 1 1 0 0 1 1 9 20 11 1
4 1 1 0 1 1 0 0 0 0 1 0 1 1 0 0 1 1 8 16 9 1
4 1 1 0 1 1 0 0 0 0 1 1 1 0 0 0 1 1 8 17 10 1 
4 1 1 0 1 1 0 0 0 0 1 1 1 1 0 0 0 1 8 17 12 2
4 1 0 0 1 0 0 1 0 0 1 0 1 0 0 0 0 1 11 34 31 5
4 1 0 0 0 0 0 1 0 0 0 0 1 0 0 0 0 1 13 48 53 11
4 1 1 0 1 0 0 1 1 1 0 0 1 0 1 0 1 1 7 13 5 0
4 0 1 0 0 0 0 1 1 1 0 0 0 0 1 0 1 1 10 29 25 4 
4 0 1 0 0 0 0 1 1 1 0 1 0 0 1 0 1 1 8 24 20 3
4 0 0 0 0 0 0 0 1 0 0 0 0 0 1 0 1 1 13 46 46 8 
4 0 1 0 0 0 0 0 1 0 1 0 0 0 1 0 1 1 11 32 26 4 
4 0 1 0 0 0 0 1 1 1 0 0 0 0 1 0 1 1 10 29 25 4
4 1 1 0 0 0 1 1 1 1 0 1 0 0 1 0 1 1 7 15 10 1
