3 0 0 0 0 0 0 0 0 0 1 9 18 6
3 1 0 0 0 0 0 0 0 0 1 8 14 4
3 0 1 0 0 0 0 0 0 0 1 8 14 4
3 0 0 1 0 0 0 0 0 0 1 8 14 4
3 0 0 0 1 0 0 0 0 0 1 8 14 4
3 0 0 0 0 1 0 0 0 0 1 8 14 4
3 0 0 0 0 0 1 0 0 0 1 8 14 4
3 0 0 0 0 0 0 1 0 0 1 8 14 4
3 0 0 0 0 0 0 0 1 0 1 8 14 4
3 0 0 0 0 0 0 0 0 1 1 8 14 4
3 1 1 0 0 0 0 0 0 0 1 7 10 2
3 1 0 1 0 0 0 0 0 0 1 7 10 2
3 1 0 0 1 0 0 0 0 0 1 7 10 2
3 1 0 0 0 0 0 1 0 0 1 7 10 2
3 1 0 0 0 1 0 0 0 0 1 7 11 3
3 1 0 0 0 0 0 0 0 1 1 7 11 3
3 1 0 0 0 0 1 0 0 0 1 7 11 3
3 1 0 0 0 0 0 0 1 0 1 7 11 3
3 1 0 0 0 1 0 0 0 1 1 6 9 2
3 1 0 0 0 0 1 0 0 1 1 6 8 2
3 1 0 0 0 0 0 1 0 1 1 6 7 1
3 1 0 0 1 0 0 0 0 1 1 6 8 2
3 1 0 1 0 0 0 1 0 1 1 5 4 0
3 1 0 1 0 1 0 1 0 1 1 4 4 0 
3 1 0 1 1 0 0 1 0 0 1 5 4 0 
3 1 1 1 0 0 1 0 0 0 1 5 4 0 
3 1 0 0 0 1 1 0 0 0 1 6 8 2 
3 1 0 0 0 1 0 1 0 0 1 6 8 2
3 1 1 0 0 0 1 1 0 1 1 4 4 1 
3 1 1 0 0 0 1 1 0 0 1 5 6 1