4 1 0 0 0 0 0 0 1 0 0 1 0 1 0 0 0 8
4 0 0 1 1 0 0 0 0 1 0 0 0 0 0 0 1 7
4 0 0 0 0 0 0 1 0 0 0 1 0 0 0 1 0 6
4 0 0 0 0 0 0 1 0 0 0 0 0 1 0 1 0 8
4 0 0 0 0 1 0 0 1 1 0 0 1 0 0 0 0 4
4 0 0 1 0 1 0 0 1 1 0 1 1 0 1 0 0 2
4 0 0 1 0 1 0 0 0 0 0 1 0 0 0 0 0 10
4 0 0 0 1 1 0 0 0 0 1 1 0 1 0 0 0 6
4 1 0 0 1 0 0 1 0 0 1 0 0 1 0 0 1 4
4 0 1 0 0 1 1 0 1 0 1 0 0 1 0 0 0 2
4 0 1 0 0 0 0 0 1 0 0 0 0 1 0 0 0 11
4 0 0 0 0 0 0 1 0 0 1 0 0 0 0 0 0 14
4 0 0 0 1 0 1 0 0 0 0 1 0 1 0 0 0 9
4 0 0 0 0 0 0 0 0 0 0 1 1 0 0 1 1 4
4 0 0 0 0 1 1 0 0 0 0 1 1 0 0 0 0 8
4 0 1 0 0 1 1 0 0 0 0 1 1 0 1 0 0 4
4 1 0 0 1 0 1 1 0 0 1 1 0 1 0 0 1 4
4 1 0 0 0 0 1 0 0 1 0 0 0 0 0 0 1 8
4 0 0 0 0 0 0 0 1 0 1 0 0 0 0 0 1 10
4 0 0 1 0 0 1 1 0 0 0 0 1 0 1 0 0 5
